Case #1: 9
1 1 1 1 1 1 1 1 1 0 0 0 0 0 0 0 0 0 0 0 0 0 0 0 0 0 0 0 0 0 0 0 0 0 0 0 0 0 0 0 0 0 0 0
Case #2: 29551
897 896 896 896 896 896 896 896 896 896 896 896 896 896 896 895 895 895 895 895 895 895 895 895 895 895 895 895 895 895 895 895 895 0 0 0
Case #3: 9999091
10000 10000 10000 10000 10000 10000 10000 10000 10000 10000 10000 10000 10000 10000 10000 10000 10000 10000 10000 10000 10000 10000 10000 10000 10000 10000 10000 10000 10000 10000 10000 10000 10000 10000 10000 10000 10000 10000 10000 10000 10000 10000 10000 10000 10000 10000 10000 10000 10000 10000 10000 10000 10000 10000 10000 10000 10000 10000 10000 10000 10000 10000 10000 10000 10000 10000 10000 10000 10000 10000 10000 10000 10000 10000 10000 10000 10000 10000 10000 10000 10000 10000 10000 10000 10000 10000 10000 10000 10000 10000 10000 10000 10000 10000 10000 10000 10000 10000 10000 10000 10000 10000 10000 10000 10000 10000 10000 10000 10000 10000 10000 10000 10000 10000 10000 10000 10000 10000 10000 10000 10000 10000 10000 10000 10000 10000 10000 10000 10000 10000 10000 10000 10000 10000 10000 10000 10000 10000 10000 10000 10000 10000 10000 10000 10000 10000 10000 10000 10000 10000 10000 10000 10000 10000 10000 10000 10000 10000 10000 10000 10000 10000 10000 10000 10000 10000 10000 10000 10000 10000 10000 10000 10000 10000 10000 10000 10000 10000 10000 10000 10000 10000 10000 10000 10000 10000 10000 10000 10000 10000 10000 10000 10000 10000 10000 10000 10000 10000 10000 10000 10000 10000 10000 10000 10000 10000 10000 10000 10000 10000 10000 10000 10000 10000 10000 10000 10000 10000 10000 10000 10000 10000 10000 10000 10000 10000 10000 10000 10000 10000 10000 10000 10000 10000 10000 10000 10000 10000 10000 10000 10000 10000 10000 10000 10000 10000 10000 10000 10000 10000 10000 10000 10000 10000 10000 10000 10000 10000 10000 10000 10000 10000 10000 10000 10000 10000 10000 10000 10000 10000 10000 10000 10000 10000 10000 10000 10000 10000 10000 10000 10000 10000 10000 10000 10000 10000 10000 10000 10000 10000 10000 10000 10000 10000 10000 10000 10000 10000 10000 10000 10000 10000 10000 10000 10000 10000 10000 10000 10000 10000 10000 10000 10000 10000 10000 10000 10000 10000 10000 10000 10000 10000 10000 10000 10000 10000 10000 10000 10000 10000 10000 10000 10000 10000 10000 10000 10000 10000 10000 10000 10000 10000 10000 10000 10000 10000 10000 10000 10000 10000 10000 10000 10000 10000 10000 10000 10000 10000 10000 10000 10000 10000 10000 10000 10000 10000 10000 10000 10000 10000 10000 10000 10000 10000 10000 10000 10000 10000 10000 10000 10000 10000 10000 10000 10000 10000 10000 10000 10000 10000 10000 10000 10000 10000 10000 10000 10000 10000 10000 10000 10000 10000 10000 10000 10000 10000 10000 10000 10000 10000 10000 10000 10000 10000 10000 10000 10000 10000 10000 10000 10000 10000 10000 10000 10000 10000 10000 10000 10000 10000 10000 10000 10000 10000 10000 10000 10000 10000 10000 10000 10000 10000 10000 10000 10000 10000 10000 10000 10000 10000 10000 10000 10000 10000 10000 10000 10000 10000 10000 10000 10000 10000 10000 10000 10000 10000 10000 10000 10000 10000 10000 10000 10000 10000 10000 10000 10000 10000 10000 10000 10000 10000 10000 10000 10000 10000 10000 10000 10000 10000 10000 10000 10000 10000 10000 10000 10000 10000 10000 10000 10000 10000 10000 10000 10000 10000 10000 10000 10000 10000 10000 10000 10000 10000 10000 10000 10000 10000 10000 10000 10000 10000 10000 10000 10000 10000 10000 10000 10000 10000 10000 10000 10000 10000 10000 10000 10000 10000 10000 10000 10000 10000 10000 10000 10000 10000 10000 10000 10000 10000 10000 10000 10000 10000 10000 10000 10000 10000 10000 10000 10000 10000 10000 10000 10000 10000 10000 10000 10000 10000 10000 10000 10000 10000 10000 10000 10000 10000 10000 10000 10000 10000 10000 10000 10000 10000 10000 10000 10000 10000 10000 10000 10000 10000 10000 10000 10000 10000 10000 10000 10000 10000 10000 10000 10000 10000 10000 10000 10000 10000 10000 10000 10000 10000 10000 10000 10000 10000 10000 10000 10000 10000 10000 10000 10000 10000 10000 10000 10000 10000 10000 10000 10000 10000 10000 10000 10000 10000 10000 10000 10000 10000 10000 10000 10000 10000 10000 10000 10000 10000 10000 10000 10000 10000 10000 10000 10000 10000 10000 10000 10000 10000 10000 10000 10000 10000 10000 10000 10000 10000 10000 10000 10000 10000 10000 10000 10000 10000 10000 10000 10000 10000 10000 10000 10000 10000 10000 10000 10000 10000 10000 10000 10000 10000 10000 10000 10000 10000 10000 10000 10000 10000 10000 10000 10000 10000 10000 10000 10000 10000 10000 10000 10000 10000 10000 10000 10000 10000 10000 10000 10000 10000 10000 10000 10000 10000 10000 10000 10000 10000 10000 10000 10000 10000 10000 10000 10000 10000 10000 10000 10000 10000 10000 10000 10000 10000 10000 10000 10000 10000 10000 10000 10000 10000 10000 10000 10000 10000 10000 10000 10000 10000 10000 10000 10000 10000 10000 10000 10000 10000 10000 10000 10000 10000 10000 10000 10000 10000 10000 10000 10000 10000 10000 10000 10000 10000 10000 10000 10000 10000 10000 10000 10000 10000 10000 10000 10000 10000 10000 10000 10000 10000 10000 10000 10000 10000 10000 10000 10000 10000 10000 10000 10000 10000 10000 10000 10000 10000 10000 10000 10000 10000 10000 10000 10000 10000 10000 10000 10000 10000 10000 10000 10000 10000 10000 10000 10000 10000 10000 10000 10000 10000 10000 10000 10000 10000 10000 10000 10000 10000 10000 10000 10000 10000 10000 10000 10000 10000 10000 10000 10000 10000 10000 10000 10000 10000 10000 10000 10000 10000 10000 10000 10000 10000 10000 10000 10000 10000 10000 10000 10000 10000 10000 10000 10000 10000 10000 10000 10000 10000 10000 10000 10000 10000 10000 10000 10000 10000 10000 10000 10000 10000 10000 10000 10000 10000 10000 10000 10000 10000 10000 10000 10000 10000 10000 10000 10000 10000 10000 10000 10000 10000 10000 10000 10000 10000 10000 10000 10000 10000 10000 10000 10000 10000 10000 10000 10000 10000 10000 10000 10000 10000 10000 10000 10000 10000 10000 10000 10000 10000 10000 10000 10000 10000 10000 10000 10000 10000 10000 10000 10000 10000 10000 10000 10000 10000 10000 10000 10000 10000 10000 10000 10000 10000 10000 10000 10000 10000 10000 10000 10000 10000 10000 10000 10000 10000 10000 10000 10000 10000 10000 10000 10000 10000 10000 10000 10000 10000 10000 9091
Case #4: 19
1 1 1 1 1 1 1 1 1 1 1 1 1 1 1 1 1 1 1 0 0 0 0 0 0 0 0 0 0 0 0 0 0 0 0 0 0 0 0 0 0 0 0 0 0 0 0 0 0 0 0 0 0 0 0 0 0 0 0 0 0 0 0 0 0 0 0 0 0 0 0 0 0 0 0 0 0 0 0 0 0 0 0 0 0 0 0 0 0 0 0 0 0 0 0 0 0 0 0 0 0 0 0 0 0 0 0 0 0 0 0 0 0 0 0 0 0 0 0 0 0 0 0 0 0 0 0 0 0 0 0 0 0 0 0 0 0 0 0 0 0 0 0 0 0 0 0 0 0 0 0 0 0
Case #5: 3177675571
117691688 117691688 117691688 117691688 117691688 117691688 117691688 117691688 117691688 117691688 117691688 117691688 117691688 117691688 117691688 117691688 117691688 117691688 117691688 117691688 117691688 117691688 117691688 117691688 117691688 117691687 117691684 0 0 0
Case #6: 68239
1950 1950 1950 1950 1950 1950 1950 1950 1950 1950 1950 1950 1950 1950 1950 1950 1950 1950 1950 1950 1950 1950 1950 1950 1949 1949 1949 1949 1949 1949 1949 1949 1949 1949 1949
Case #7: 813581
5611 5611 5611 5611 5611 5611 5611 5611 5611 5611 5611 5611 5611 5611 5611 5611 5611 5611 5611 5611 5611 5611 5611 5611 5611 5611 5611 5611 5611 5611 5611 5611 5611 5611 5611 5611 5611 5611 5611 5611 5611 5611 5611 5611 5611 5611 5611 5611 5611 5611 5611 5611 5611 5611 5611 5611 5611 5611 5611 5611 5611 5611 5611 5611 5611 5611 5611 5611 5611 5611 5611 5611 5611 5611 5611 5611 5611 5611 5611 5611 5611 5611 5611 5611 5611 5611 5611 5611 5611 5611 5611 5611 5611 5611 5611 5611 5611 5611 5611 5611 5611 5611 5611 5611 5611 5611 5611 5611 5611 5611 5611 5611 5611 5611 5611 5611 5611 5611 5611 5611 5611 5611 5611 5611 5611 5611 5611 5611 5611 5611 5611 5610 5610 5610 5610 5610 5610 5610 5610 5610 5610 5610 5610 5610 5610
Case #8: 4906
60 59 59 59 59 59 59 59 59 59 59 59 59 59 59 59 59 59 59 59 59 59 59 59 59 59 59 59 59 59 59 59 59 59 59 59 59 59 59 59 59 59 59 59 59 59 59 59 59 59 59 59 59 59 59 59 59 59 59 59 59 59 59 59 59 59 59 59 59 59 59 59 59 59 59 59 59 59 59 59 59 59 59 8
Case #9: 977265346
17768461 17768461 17768461 17768461 17768461 17768461 17768461 17768461 17768461 17768461 17768461 17768461 17768461 17768461 17768461 17768461 17768461 17768461 17768461 17768461 17768461 17768461 17768461 17768461 17768461 17768461 17768461 17768461 17768461 17768461 17768461 17768461 17768461 17768461 17768461 17768461 17768461 17768461 17768461 17768461 17768461 17768461 17768461 17768461 17768461 17768461 17768460 17768460 17768460 17768460 17768460 17768460 17768460 17768460 17768460
Case #10: 1934
6 6 6 6 6 6 6 6 6 6 6 6 6 6 6 6 6 6 6 6 6 6 6 6 6 6 6 6 6 6 6 6 6 6 6 6 6 6 6 6 6 6 6 6 6 6 6 6 6 6 6 6 6 6 6 6 6 6 6 6 6 6 6 6 6 6 6 6 6 6 6 6 6 6 6 6 6 6 6 6 6 6 6 6 6 6 6 6 6 6 6 6 6 6 6 6 6 6 6 6 6 6 6 6 6 6 6 6 6 6 6 6 6 6 6 6 6 6 6 6 6 6 6 6 6 6 6 6 6 6 6 6 6 6 6 6 6 6 6 6 6 6 6 6 6 6 6 6 6 6 6 6 6 6 6 6 6 6 6 6 6 6 6 6 6 6 6 6 6 6 6 6 6 6 6 6 6 6 6 6 6 6 6 6 6 6 6 6 6 6 6 6 6 6 6 6 6 6 6 6 6 6 6 6 6 6 6 6 6 6 6 6 6 6 6 6 6 6 6 6 6 6 6 6 6 6 6 6 6 6 6 6 6 6 6 6 6 6 6 6 6 6 6 6 6 6 6 6 6 6 6 6 6 6 6 6 6 6 6 6 6 6 6 6 6 6 6 6 6 6 6 6 6 6 6 6 6 6 6 6 6 6 6 6 6 6 6 6 6 6 6 6 6 6 6 6 6 6 6 6 6 6 6 6 6 6 6 6 6 6 5 4 4 4 4 4 4 4 4 4 4 4 4 4 4 4 4 3 2 0 0 0
Case #11: 30
1 1 1 1 1 1 1 1 1 1 1 1 1 1 1 1 1 1 1 1 1 1 1 1 1 1 1 1 1 1 0 0 0 0 0 0 0 0 0 0 0 0 0 0 0 0 0 0 0 0 0 0 0 0 0 0 0 0 0 0 0 0 0 0 0 0 0 0 0 0 0 0 0 0 0 0 0 0 0 0 0 0 0 0 0 0 0 0 0 0 0 0 0 0 0 0 0
Case #12: 530571801
1695118 1695118 1695118 1695118 1695118 1695118 1695118 1695118 1695118 1695118 1695118 1695118 1695118 1695118 1695118 1695118 1695118 1695118 1695118 1695118 1695118 1695118 1695118 1695118 1695118 1695118 1695118 1695118 1695118 1695118 1695118 1695118 1695118 1695118 1695118 1695118 1695118 1695118 1695118 1695118 1695118 1695118 1695118 1695118 1695118 1695118 1695118 1695118 1695118 1695118 1695118 1695118 1695118 1695118 1695118 1695118 1695118 1695118 1695118 1695118 1695118 1695118 1695118 1695118 1695118 1695118 1695118 1695118 1695118 1695118 1695118 1695118 1695118 1695118 1695118 1695118 1695118 1695118 1695118 1695118 1695118 1695118 1695118 1695118 1695118 1695118 1695118 1695118 1695118 1695118 1695118 1695118 1695118 1695118 1695118 1695118 1695118 1695118 1695118 1695118 1695118 1695118 1695118 1695118 1695118 1695118 1695118 1695118 1695118 1695118 1695118 1695118 1695118 1695118 1695118 1695118 1695118 1695118 1695118 1695118 1695118 1695118 1695118 1695118 1695118 1695118 1695118 1695118 1695118 1695118 1695118 1695118 1695118 1695118 1695118 1695118 1695118 1695118 1695118 1695118 1695118 1695118 1695118 1695118 1695118 1695118 1695118 1695118 1695118 1695118 1695118 1695118 1695118 1695118 1695118 1695118 1695118 1695118 1695118 1695118 1695118 1695118 1695118 1695118 1695118 1695118 1695118 1695118 1695118 1695118 1695118 1695118 1695118 1695118 1695118 1695118 1695118 1695118 1695118 1695118 1695118 1695118 1695118 1695118 1695118 1695118 1695118 1695118 1695118 1695118 1695118 1695118 1695118 1695118 1695118 1695118 1695118 1695118 1695118 1695118 1695118 1695118 1695118 1695118 1695118 1695118 1695118 1695118 1695118 1695118 1695118 1695118 1695118 1695118 1695118 1695118 1695118 1695118 1695118 1695118 1695118 1695118 1695118 1695118 1695118 1695118 1695118 1695118 1695118 1695118 1695118 1695118 1695118 1695118 1695118 1695118 1695118 1695118 1695118 1695118 1695118 1695118 1695118 1695118 1695118 1695118 1695118 1695118 1695118 1695118 1695118 1695118 1695118 1695118 1695118 1695118 1695118 1695118 1695118 1695118 1695118 1695118 1695118 1695118 1695118 1695118 1695118 1695118 1695118 1695118 1695118 1695118 1695118 1695118 1695118 1695118 1695118 1695118 1695118 1695118 1695118 1695118 1695118 1695118 1695118 1695118 1695118 1695118 1695118 1695118 1695118 1695118 1695118 1695118 1695118 1695118 1695118 1695118 1695118 1695118 1695118 1695118 1695118 1695118 1695118 1695118 1695118 1695118 1695118 1695118 1695118 1695118 1694985
Case #13: 8676
77 77 77 77 77 77 77 77 77 77 77 77 77 77 77 77 77 77 77 77 77 77 77 77 77 77 77 77 77 77 77 77 77 77 77 77 77 77 77 77 77 77 77 77 77 77 77 77 77 77 77 77 77 77 77 77 77 77 77 77 77 77 77 77 77 77 77 77 77 77 77 77 77 77 77 77 77 77 77 77 77 77 77 77 77 77 77 77 77 77 77 77 77 77 77 77 77 77 77 77 77 77 77 77 77 77 77 77 77 77 77 77 26 26
Case #14: 313669
4614 4613 4613 4613 4613 4613 4613 4613 4613 4613 4613 4613 4613 4613 4613 4613 4613 4613 4613 4613 4613 4613 4613 4613 4613 4613 4613 4613 4613 4613 4613 4613 4613 4613 4613 4613 4613 4613 4613 4613 4613 4613 4613 4613 4613 4613 4613 4613 4613 4613 4613 4613 4613 4613 4613 4613 4613 4613 4613 4613 4613 4613 4613 4613 4609 4609 4609 4609
Case #15: 804609
1694 1694 1694 1694 1694 1694 1694 1694 1694 1694 1694 1694 1694 1694 1694 1694 1694 1694 1694 1694 1694 1694 1694 1694 1694 1694 1694 1694 1694 1694 1694 1694 1694 1694 1694 1694 1694 1694 1694 1694 1694 1694 1694 1694 1694 1694 1694 1694 1694 1694 1694 1694 1694 1694 1694 1694 1694 1694 1694 1694 1694 1694 1694 1694 1694 1694 1694 1694 1694 1694 1694 1694 1694 1694 1694 1694 1694 1694 1694 1694 1694 1694 1694 1694 1694 1694 1694 1694 1694 1694 1694 1694 1694 1694 1694 1694 1694 1694 1694 1694 1694 1694 1694 1694 1694 1694 1694 1694 1694 1694 1694 1694 1694 1694 1694 1694 1694 1694 1694 1694 1694 1694 1694 1694 1694 1694 1694 1694 1694 1694 1694 1694 1694 1694 1694 1694 1694 1694 1694 1694 1694 1694 1694 1694 1694 1694 1694 1694 1694 1694 1694 1694 1694 1694 1694 1694 1694 1694 1694 1694 1694 1694 1694 1694 1694 1694 1694 1694 1694 1694 1694 1694 1694 1694 1694 1694 1694 1694 1694 1694 1694 1694 1694 1694 1694 1694 1694 1694 1694 1694 1694 1694 1694 1694 1694 1694 1694 1694 1694 1694 1694 1694 1694 1694 1694 1694 1694 1694 1694 1694 1694 1694 1694 1694 1694 1694 1694 1694 1694 1694 1694 1694 1694 1694 1694 1694 1694 1694 1694 1694 1694 1694 1694 1694 1694 1694 1694 1694 1694 1694 1694 1694 1694 1694 1694 1694 1694 1694 1694 1694 1694 1694 1694 1694 1694 1694 1694 1694 1694 1694 1694 1694 1694 1694 1694 1694 1694 1694 1694 1694 1694 1694 1694 1694 1694 1694 1694 1694 1694 1694 1694 1694 1694 1694 1694 1694 1694 1694 1694 1694 1694 1694 1694 1694 1694 1694 1694 1694 1694 1694 1694 1694 1694 1694 1694 1694 1694 1694 1694 1694 1694 1694 1694 1694 1694 1694 1694 1694 1694 1694 1694 1694 1694 1694 1694 1694 1694 1694 1694 1694 1694 1694 1694 1694 1694 1694 1694 1694 1694 1694 1694 1694 1694 1694 1694 1694 1694 1694 1694 1694 1694 1694 1694 1694 1694 1694 1694 1694 1694 1694 1694 1694 1694 1694 1694 1694 1694 1694 1694 1694 1694 1694 1694 1694 1694 1694 1694 1694 1694 1694 1694 1694 1694 1694 1694 1694 1694 1694 1694 1694 1694 1694 1694 1694 1694 1694 1694 1694 1694 1694 1694 1694 1694 1694 1694 1694 1694 1694 1694 1694 1694 1694 1694 1694 1694 1694 1694 1694 1694 1694 1694 1694 1694 1694 1694 1694 1694 1694 1694 1694 1694 1694 1694 1694 1694 1694 1694 1694 1694 1694 1694 1694 1694 1694 1694 1694 1694 1694 1694 1694 1694 1694 1694 1694 1694 1694 1693 1693 1693 1692 1692 1692 1692 1692 1692 1692 1692 1692 1692 1691 1691 1691 1691 1691 1691
Case #16: 5
1 1 1 1 1 0 0 0 0 0 0 0 0 0 0 0 0 0 0 0 0 0 0 0 0 0 0 0 0 0 0 0 0 0 0 0 0 0 0 0 0 0 0 0 0 0 0 0 0 0 0 0 0 0 0 0 0 0 0 0 0 0 0 0 0 0 0 0 0 0 0 0 0 0 0 0 0 0 0 0 0 0 0 0 0 0 0 0 0 0 0 0 0 0 0 0 0 0 0 0 0 0 0 0 0 0 0 0 0 0 0 0 0 0 0 0 0 0 0 0 0 0 0 0 0 0 0 0 0 0 0 0 0 0 0 0 0 0 0 0 0 0 0 0
Case #17: 668002328
668670 668670 668670 668670 668670 668670 668670 668670 668670 668670 668670 668670 668670 668670 668670 668670 668670 668670 668670 668670 668670 668670 668670 668670 668670 668670 668670 668670 668670 668670 668670 668670 668670 668670 668670 668670 668670 668670 668670 668670 668670 668670 668670 668670 668670 668670 668670 668670 668670 668670 668670 668670 668670 668670 668670 668670 668670 668670 668670 668670 668670 668670 668670 668670 668670 668670 668670 668670 668670 668670 668670 668670 668670 668670 668670 668670 668670 668670 668670 668670 668670 668670 668670 668670 668670 668670 668670 668670 668670 668670 668670 668670 668670 668670 668670 668670 668670 668670 668670 668670 668670 668670 668670 668670 668670 668670 668670 668670 668670 668670 668670 668670 668670 668670 668670 668670 668670 668670 668670 668670 668670 668670 668670 668670 668670 668670 668670 668670 668670 668670 668670 668670 668670 668670 668670 668670 668670 668670 668670 668670 668670 668670 668670 668670 668670 668670 668670 668670 668670 668670 668670 668670 668670 668670 668670 668670 668670 668670 668670 668670 668670 668670 668670 668670 668670 668670 668670 668670 668670 668670 668670 668670 668670 668670 668670 668670 668670 668670 668670 668670 668670 668670 668670 668670 668670 668670 668670 668670 668670 668670 668670 668670 668670 668670 668670 668670 668670 668670 668670 668670 668670 668670 668670 668670 668670 668670 668670 668670 668670 668670 668670 668670 668670 668670 668670 668670 668670 668670 668670 668670 668670 668670 668670 668670 668670 668670 668670 668670 668670 668670 668670 668670 668670 668670 668670 668670 668670 668670 668670 668670 668670 668670 668670 668670 668670 668670 668670 668670 668670 668670 668670 668670 668670 668670 668670 668670 668670 668670 668670 668670 668670 668670 668670 668670 668670 668670 668670 668670 668670 668670 668670 668670 668670 668670 668670 668670 668670 668670 668670 668670 668670 668670 668670 668670 668670 668670 668670 668670 668670 668670 668670 668670 668670 668670 668670 668670 668670 668670 668670 668670 668670 668670 668670 668670 668670 668670 668670 668670 668670 668670 668670 668670 668670 668670 668670 668670 668670 668670 668670 668670 668670 668670 668670 668670 668670 668670 668670 668670 668670 668670 668670 668670 668670 668670 668670 668670 668670 668670 668670 668670 668670 668670 668670 668670 668670 668670 668670 668670 668670 668670 668670 668670 668670 668670 668670 668670 668670 668670 668670 668670 668670 668670 668670 668670 668670 668670 668670 668670 668670 668670 668670 668670 668670 668670 668670 668670 668670 668670 668670 668670 668670 668670 668670 668670 668670 668670 668670 668670 668670 668670 668670 668670 668670 668670 668670 668670 668670 668670 668670 668670 668670 668670 668670 668670 668670 668670 668670 668670 668670 668670 668670 668670 668670 668670 668670 668670 668670 668670 668670 668670 668670 668670 668670 668670 668670 668670 668670 668670 668670 668670 668670 668670 668670 668670 668670 668670 668670 668670 668670 668670 668670 668670 668670 668670 668670 668670 668670 668670 668670 668670 668670 668670 668670 668670 668670 668670 668670 668670 668670 668670 668670 668670 668670 668670 668670 668670 668670 668670 668670 668670 668670 668670 668670 668670 668670 668670 668670 668670 668670 668670 668670 668670 668670 668670 668670 668670 668670 668670 668670 668670 668670 668670 668670 668670 668670 668670 668670 668670 668670 668670 668670 668670 668670 668670 668670 668670 668670 668670 668670 668670 668670 668670 668670 668670 668670 668670 668670 668670 668670 668670 668670 668670 668670 668670 668670 668670 668670 668670 668670 668670 668670 668670 668670 668670 668670 668670 668670 668670 668670 668670 668670 668670 668670 668670 668670 668670 668670 668670 668670 668670 668670 668670 668670 668670 668670 668670 668670 668670 668670 668670 668670 668670 668670 668670 668670 668670 668670 668670 668670 668670 668670 668670 668670 668670 668670 668670 668670 668670 668670 668670 668670 668670 668670 668670 668670 668670 668670 668670 668670 668670 668670 668670 668670 668670 668670 668670 668670 668670 668670 668670 668670 668670 668670 668670 668670 668670 668670 668670 668670 668670 668670 668670 668670 668670 668670 668670 668670 668670 668670 668670 668670 668670 668670 668670 668670 668670 668670 668670 668670 668670 668670 668670 668670 668670 668670 668670 668670 668670 668670 668670 668670 668670 668670 668670 668670 668670 668670 668670 668670 668670 668670 668670 668670 668670 668670 668670 668670 668670 668670 668670 668670 668670 668670 668670 668670 668670 668670 668670 668670 668670 668670 668670 668670 668670 668670 668670 668670 668670 668670 668670 668670 668670 668670 668670 668670 668670 668670 668670 668670 668670 668670 668670 668670 668670 668670 668670 668670 668670 668670 668670 668670 668670 668670 668670 668670 668670 668670 668670 668670 668670 668670 668670 668670 668670 668670 668670 668670 668670 668670 668670 668670 668670